Results for 32 bits:

[[0.21 0.11 0.13 0.13 0.15 0.16 0.16 0.16 0.11 0.13]
 [0.26 0.39 0.42 0.35 0.32 0.32 0.32 0.35 0.25 0.26]
 [0.21 0.11 0.13 0.13 0.15 0.16 0.16 0.16 0.11 0.13]
 [0.63 0.63 0.63 0.63 0.63 0.63 0.63 0.63 0.63 0.63]
 [0.29 0.17 0.17 0.2  0.23 0.23 0.23 0.22 0.24 0.25]
 [0.42 0.52 0.5  0.5  0.48 0.47 0.47 0.47 0.52 0.5 ]
 [0.24 0.27 0.27 0.24 0.24 0.25 0.24 0.27 0.24 0.24]
 [0.1  0.1  0.11 0.11 0.11 0.13 0.12 0.12 0.09 0.1 ]
 [0.1  0.1  0.11 0.11 0.11 0.13 0.12 0.12 0.09 0.1 ]]


Results for 1024 bits:

[[ 5.45  5.04  5.29  5.25  4.89  5.06  5.1   4.85  5.08  5.05]
 [10.32 10.2   9.99 10.36 10.33 10.11  9.79  9.94 10.46 10.  ]
 [ 5.45  5.04  5.29  5.25  4.89  5.06  5.1   4.85  5.08  5.05]
 [20.47 20.47 20.47 20.47 20.47 20.47 20.47 20.47 20.47 20.47]
 [ 7.8   7.65  7.88  7.68  7.51  7.71  7.89  7.69  7.54  7.76]
 [15.02 15.43 15.18 15.22 15.58 15.41 15.37 15.62 15.39 15.42]
 [ 8.46  8.23  8.34  8.41  8.26  8.36  8.25  8.27  8.54  8.34]
 [ 3.89  3.98  3.68  3.81  3.84  3.8   3.8   3.69  3.69  3.74]
 [ 3.89  3.98  3.68  3.81  3.84  3.8   3.8   3.69  3.69  3.74]]


Results for 8192 bits:

[[ 41.06  40.57  40.96  41.16  41.08  41.16  41.12  40.84  40.57  41.56]
 [ 81.64  82.83  81.18  81.09  81.9   81.56  81.41  81.52  81.14  83.76]
 [ 41.06  40.57  40.96  41.16  41.08  41.16  41.12  40.84  40.57  41.56]
 [163.83 163.83 163.83 163.83 163.83 163.83 163.83 163.83 163.83 163.83]
 [ 61.62  60.78  61.8   61.95  61.5   61.71  61.77  61.57  61.63  60.81]
 [122.77 123.26 122.87 122.67 122.75 122.67 122.71 122.99 123.26 122.27]
 [ 66.83  67.17  66.94  66.75  67.17  66.87  67.03  66.45  66.77  67.26]
 [ 30.3   30.84  30.3   30.71  30.35  30.72  30.72  31.01  30.4   30.78]
 [ 30.3   30.84  30.3   30.71  30.35  30.72  30.72  31.01  30.4   30.78]]


Results for 16384 bits:

[[ 83.12  82.27  82.34  81.67  82.42  82.04  81.93  82.92  82.32  80.65]
 [163.97 162.3  163.45 163.65 162.29 162.81 163.36 162.42 163.88 163.9 ]
 [ 83.12  82.27  82.34  81.67  82.42  82.04  81.93  82.92  82.32  80.65]
 [327.67 327.67 327.67 327.67 327.67 327.67 327.67 327.67 327.67 327.67]
 [123.41 123.82 123.28 122.84 123.9  123.45 123.12 124.08 123.05 122.21]
 [244.55 245.4  245.33 246.   245.25 245.63 245.74 244.75 245.35 247.02]
 [133.81 133.8  133.83 133.88 133.74 133.58 133.61 133.48 133.83 133.93]
 [ 61.48  61.03  61.45  60.94  61.07  61.02  61.75  61.37  61.68  61.98]
 [ 61.48  61.03  61.45  60.94  61.07  61.02  61.75  61.37  61.68  61.98]]